A
PHYWE
RADIO1-E
2
amb1
                           

Interne Daten:
          100 	          100 	
     0.000000 	     0.000000 	
  1000.000000 	   100.000000 	
     0.000000 	     0.000000 	
  1000.000000 	   100.000000 	
            1 	            1 	
     0.010000 	     1.000000 	
     0.000000 	     0.000000 	
2

Protokoll:

     time     	      N      	
      s      	     Imp     	

    10.100000 	     4.000000 	
    20.270000 	     2.000000 	
    30.480000 	     9.000000 	
    40.640000 	     2.000000 	
    50.800000 	     5.000000 	
    60.960000 	     4.000000 	
    71.130000 	     3.000000 	
    81.340000 	     5.000000 	
    91.560000 	     4.000000 	
   101.720000 	     2.000000 	
   111.990000 	     3.000000 	
   122.150000 	     4.000000 	
   132.310000 	     5.000000 	
   142.530000 	     5.000000 	
   152.690000 	     3.000000 	
   162.850000 	     4.000000 	
   173.070000 	     2.000000 	
   183.230000 	     3.000000 	
   193.390000 	     5.000000 	
   203.610000 	     1.000000 	
   213.770000 	     2.000000 	
   223.930000 	     2.000000 	
   234.140000 	     0.000000 	
   244.360000 	     3.000000 	
   254.520000 	     2.000000 	
   264.740000 	     3.000000 	
   274.900000 	     4.000000 	
   285.060000 	     3.000000 	
   295.280000 	     4.000000 	
   305.440000 	     1.000000 	
   315.650000 	     4.000000 	
   325.820000 	     3.000000 	
   336.030000 	     5.000000 	
   346.190000 	     7.000000 	
   356.410000 	     5.000000 	
   366.570000 	     1.000000 	
   376.730000 	     4.000000 	
   386.890000 	     4.000000 	
   397.110000 	     2.000000 	
   407.270000 	     3.000000 	
   417.430000 	     3.000000 	
   427.590000 	     5.000000 	
   437.860000 	     2.000000 	
   448.020000 	     3.000000 	
   458.190000 	     5.000000 	
   468.400000 	     4.000000 	
   478.560000 	     5.000000 	
   488.780000 	     2.000000 	
   498.940000 	     3.000000 	
   509.100000 	     6.000000 	
   519.260000 	     4.000000 	
   529.480000 	     2.000000 	
   539.640000 	     1.000000 	
   549.800000 	     1.000000 	
   560.020000 	     5.000000 	
   570.180000 	     1.000000 	
   580.340000 	     2.000000 	
   590.560000 	     7.000000 	
   600.720000 	     6.000000 	
   610.880000 	     2.000000 	
   621.100000 	     4.000000 	
   631.260000 	     2.000000 	
   641.420000 	     3.000000 	
   651.580000 	     4.000000 	
   661.790000 	     5.000000 	
   672.010000 	     2.000000 	
   682.170000 	     1.000000 	
   692.330000 	     2.000000 	
   702.490000 	     7.000000 	
   712.660000 	     1.000000 	
   722.870000 	     4.000000 	
   733.030000 	     2.000000 	
   743.250000 	     4.000000 	
   753.410000 	     3.000000 	
   763.630000 	     3.000000 	
   773.790000 	     3.000000 	
   783.950000 	     4.000000 	
   794.110000 	     4.000000 	
   804.330000 	     1.000000 	
   814.490000 	     4.000000 	
   824.700000 	     5.000000 	
   834.920000 	     3.000000 	
   845.080000 	     2.000000 	
   855.300000 	     5.000000 	
   865.460000 	     2.000000 	
   875.620000 	     9.000000 	
   885.780000 	     4.000000 	
   896.000000 	     0.000000 	
   906.210000 	     4.000000 	
   916.430000 	     3.000000 	
   926.650000 	     2.000000 	
   936.750000 	     5.000000 	
   946.970000 	     6.000000 	
   957.130000 	     4.000000 	
   967.290000 	     1.000000 	
   977.450000 	     4.000000 	
   987.670000 	     7.000000 	
   997.830000 	     5.000000 	
  1008.050000 	     2.000000 	
  1018.260000 	     1.000000 	




measuring time [s]:: 10.0 ;
                                                                                
                                                                                
                                                                                
                                                                                
                                                                                
                                                                                
                                                                                
                                                                                
                                                                                
                                                                                
                                                                                
                                                                                
                                                                                
                                                                                
                                                                                
                                                                                
                                                                                
                                                                                
                                                                                
                                                                                
                                                                                
                                                                                
                                                                                
                                                                                
                                                                                
                                                                                
                                                                                
                                                                                
                                                                                
                                                                                
                                                                                
                                                                                
                                                                                
                                                                                
                                                                                
                                                                                
                                                                                
                                                                                
                                                                                
                                                                                
                                                                                
                                                                                
                                                                                
                                                                                
                                                                                
                                                                                
                                                                                
                                                                                
                                                                                
                                                                                
                                                                                
                                                                                
                                                                                
                                                                                
                                                                                
