A
PHYWE
RADIO1-E
2
p21n10
                           

Interne Daten:
          100 	          100 	
     0.000000 	     0.000000 	
   200.000000 	   100.000000 	
     0.000000 	     0.000000 	
   200.000000 	   100.000000 	
            1 	            1 	
     0.010000 	     1.000000 	
     0.000000 	     0.000000 	
2

Protokoll:

     time     	      N      	
      s      	     Imp     	

     2.150000 	     5.000000 	
     4.290000 	     1.000000 	
     6.320000 	     8.000000 	
     8.410000 	     5.000000 	
    10.440000 	     4.000000 	
    12.470000 	     3.000000 	
    14.560000 	     6.000000 	
    16.590000 	     7.000000 	
    18.680000 	     6.000000 	
    20.710000 	     8.000000 	
    22.740000 	     4.000000 	
    24.830000 	     5.000000 	
    26.920000 	     4.000000 	
    28.950000 	     6.000000 	
    30.980000 	     2.000000 	
    33.070000 	     4.000000 	
    35.320000 	     7.000000 	
    37.350000 	     6.000000 	
    39.440000 	     7.000000 	
    41.530000 	     8.000000 	
    43.620000 	     2.000000 	
    45.650000 	     5.000000 	
    47.680000 	     4.000000 	
    49.770000 	     4.000000 	
    51.800000 	     4.000000 	
    53.830000 	     6.000000 	
    55.920000 	     8.000000 	
    58.010000 	     3.000000 	
    60.040000 	     4.000000 	
    62.070000 	     8.000000 	
    64.160000 	    11.000000 	
    66.190000 	     5.000000 	
    68.280000 	     3.000000 	
    70.310000 	     5.000000 	
    72.400000 	     3.000000 	
    74.430000 	     7.000000 	
    76.460000 	    10.000000 	
    78.550000 	     6.000000 	
    80.580000 	    11.000000 	
    82.670000 	     4.000000 	
    84.700000 	     3.000000 	
    86.730000 	     6.000000 	
    88.820000 	     7.000000 	
    90.850000 	     5.000000 	
    92.940000 	     6.000000 	
    94.970000 	     8.000000 	
    97.000000 	     5.000000 	
    99.090000 	     6.000000 	
   101.120000 	     6.000000 	
   103.150000 	     2.000000 	
   105.240000 	     9.000000 	
   107.330000 	     7.000000 	
   109.360000 	     8.000000 	
   111.450000 	     3.000000 	
   113.540000 	     6.000000 	
   115.570000 	     4.000000 	
   117.650000 	     8.000000 	
   119.740000 	     6.000000 	
   121.770000 	     8.000000 	
   123.860000 	     5.000000 	
   125.890000 	     6.000000 	
   127.930000 	     8.000000 	
   130.010000 	     6.000000 	
   132.050000 	     4.000000 	
   134.130000 	     9.000000 	
   136.160000 	     5.000000 	
   138.250000 	     3.000000 	
   140.280000 	     5.000000 	
   142.320000 	     6.000000 	
   144.400000 	     6.000000 	
   146.440000 	     3.000000 	
   148.520000 	     5.000000 	
   150.560000 	     2.000000 	
   152.590000 	     4.000000 	
   154.670000 	     7.000000 	
   156.710000 	     2.000000 	
   158.790000 	     5.000000 	
   160.830000 	     2.000000 	
   162.910000 	     3.000000 	
   164.950000 	     8.000000 	
   167.030000 	     6.000000 	
   169.070000 	     5.000000 	
   171.150000 	     4.000000 	
   173.180000 	     8.000000 	
   175.220000 	     7.000000 	
   177.300000 	     8.000000 	
   179.390000 	     4.000000 	
   181.420000 	     5.000000 	
   183.460000 	     6.000000 	
   185.540000 	     3.000000 	
   187.580000 	     9.000000 	
   189.660000 	     6.000000 	
   191.690000 	     2.000000 	
   193.730000 	     8.000000 	
   195.810000 	     2.000000 	
   197.850000 	     6.000000 	
   199.930000 	     5.000000 	
   201.970000 	     8.000000 	
   204.050000 	     9.000000 	
   206.300000 	     4.000000 	




measuring time [s]:: 2.0 ;
                                                                                
                                                                                
                                                                                
                                                                                
                                                                                
                                                                                
                                                                                
                                                                                
                                                                                
                                                                                
                                                                                
                                                                                
                                                                                
                                                                                
                                                                                
                                                                                
                                                                                
                                                                                
                                                                                
                                                                                
                                                                                
                                                                                
                                                                                
                                                                                
                                                                                
                                                                                
                                                                                
                                                                                
                                                                                
                                                                                
                                                                                
                                                                                
                                                                                
                                                                                
                                                                                
                                                                                
                                                                                
                                                                                
                                                                                
                                                                                
                                                                                
                                                                                
                                                                                
                                                                                
                                                                                
                                                                                
                                                                                
                                                                                
                                                                                
                                                                                
                                                                                
                                                                                
                                                                                
                                                                                
                                                                                
