A
PHYWE
RADIO1-E
2
p21n15
                           

Interne Daten:
          150 	          150 	
     0.000000 	     0.000000 	
   300.000000 	   100.000000 	
     0.000000 	     0.000000 	
   300.000000 	   100.000000 	
            1 	            1 	
     0.010000 	     1.000000 	
     0.000000 	     0.000000 	
2

Protokoll:

     time     	      N      	
      s      	     Imp     	

     9.990000 	     9.000000 	
    12.080000 	     4.000000 	
    14.220000 	     6.000000 	
    16.370000 	     3.000000 	
    18.450000 	     6.000000 	
    20.490000 	     5.000000 	
    22.570000 	     8.000000 	
    24.600000 	     7.000000 	
    26.640000 	     3.000000 	
    28.720000 	     6.000000 	
    30.760000 	     4.000000 	
    32.840000 	     2.000000 	
    34.880000 	     3.000000 	
    36.910000 	     4.000000 	
    39.000000 	     3.000000 	
    41.080000 	     2.000000 	
    43.110000 	     5.000000 	
    45.200000 	     6.000000 	
    47.230000 	     2.000000 	
    49.320000 	     7.000000 	
    51.350000 	     4.000000 	
    53.440000 	     2.000000 	
    55.530000 	     5.000000 	
    57.560000 	     7.000000 	
    59.590000 	     5.000000 	
    61.680000 	     3.000000 	
    63.710000 	     5.000000 	
    65.800000 	     5.000000 	
    67.830000 	     6.000000 	
    69.920000 	     7.000000 	
    71.950000 	     6.000000 	
    73.980000 	     4.000000 	
    76.070000 	     4.000000 	
    78.160000 	     2.000000 	
    80.190000 	     6.000000 	
    82.280000 	     2.000000 	
    84.310000 	     2.000000 	
    86.340000 	     6.000000 	
    88.430000 	     3.000000 	
    90.460000 	     8.000000 	
    92.490000 	     4.000000 	
    94.580000 	     4.000000 	
    96.610000 	     6.000000 	
    98.700000 	     7.000000 	
   100.730000 	     4.000000 	
   102.760000 	     5.000000 	
   104.800000 	     5.000000 	
   106.880000 	     2.000000 	
   108.970000 	     5.000000 	
   111.000000 	     7.000000 	
   113.090000 	     3.000000 	
   115.120000 	     9.000000 	
   117.210000 	     5.000000 	
   119.300000 	     3.000000 	
   121.330000 	     3.000000 	
   123.360000 	     8.000000 	
   125.450000 	     7.000000 	
   127.480000 	     7.000000 	
   129.510000 	     6.000000 	
   131.600000 	     6.000000 	
   133.630000 	     9.000000 	
   135.720000 	     7.000000 	
   137.750000 	     6.000000 	
   139.840000 	     2.000000 	
   141.870000 	     6.000000 	
   143.900000 	     8.000000 	
   145.990000 	     2.000000 	
   148.020000 	     7.000000 	
   150.050000 	     3.000000 	
   152.090000 	     6.000000 	
   154.170000 	     7.000000 	
   156.210000 	     2.000000 	
   158.290000 	     3.000000 	
   160.330000 	     1.000000 	
   162.360000 	     7.000000 	
   164.450000 	     5.000000 	
   166.480000 	     7.000000 	
   168.560000 	     5.000000 	
   170.600000 	     3.000000 	
   172.630000 	     2.000000 	
   174.720000 	     2.000000 	
   176.750000 	     2.000000 	
   178.840000 	     5.000000 	
   180.870000 	     5.000000 	
   182.960000 	     9.000000 	
   184.990000 	     5.000000 	
   187.020000 	     7.000000 	
   189.110000 	     5.000000 	
   191.140000 	     5.000000 	
   193.170000 	    10.000000 	
   195.260000 	     4.000000 	
   197.350000 	     2.000000 	
   199.600000 	     5.000000 	
   201.630000 	     5.000000 	
   203.880000 	     4.000000 	
   205.910000 	     6.000000 	
   208.000000 	     7.000000 	
   210.030000 	     6.000000 	
   212.070000 	     9.000000 	
   214.150000 	     6.000000 	
   216.190000 	     7.000000 	
   218.220000 	     2.000000 	
   220.300000 	     7.000000 	
   222.340000 	     4.000000 	
   224.420000 	     3.000000 	
   226.460000 	     2.000000 	
   228.540000 	     4.000000 	
   230.580000 	     4.000000 	
   232.660000 	     4.000000 	
   234.910000 	     5.000000 	
   236.950000 	     8.000000 	
   239.030000 	     5.000000 	
   241.290000 	     6.000000 	
   243.320000 	     6.000000 	
   245.410000 	     6.000000 	
   247.440000 	     6.000000 	
   249.470000 	     4.000000 	
   251.560000 	     9.000000 	
   253.590000 	     7.000000 	
   255.680000 	     1.000000 	
   257.930000 	     9.000000 	
   260.020000 	     4.000000 	
   262.270000 	     6.000000 	
   264.300000 	     7.000000 	
   266.550000 	     5.000000 	
   268.640000 	     2.000000 	
   270.670000 	     7.000000 	
   272.760000 	     7.000000 	
   274.790000 	     4.000000 	
   276.820000 	     5.000000 	
   278.910000 	     6.000000 	
   280.940000 	     9.000000 	
   283.030000 	     4.000000 	
   285.060000 	     4.000000 	
   287.090000 	     7.000000 	
   289.180000 	     2.000000 	
   291.210000 	     6.000000 	
   293.300000 	    10.000000 	
   295.330000 	     5.000000 	
   297.360000 	     3.000000 	
   299.450000 	     4.000000 	
   301.480000 	     9.000000 	
   303.520000 	     9.000000 	
   305.600000 	     7.000000 	
   307.640000 	    11.000000 	
   309.670000 	     9.000000 	
   311.760000 	     8.000000 	
   313.790000 	     4.000000 	
   315.870000 	     9.000000 	
   317.960000 	     6.000000 	




measuring time [s]:: 2.0 ;
                                                                                
                                                                                
                                                                                
                                                                                
                                                                                
                                                                                
                                                                                
                                                                                
                                                                                
                                                                                
                                                                                
                                                                                
                                                                                
                                                                                
                                                                                
                                                                                
                                                                                
                                                                                
                                                                                
                                                                                
                                                                                
                                                                                
                                                                                
                                                                                
                                                                                
                                                                                
                                                                                
                                                                                
                                                                                
                                                                                
                                                                                
                                                                                
                                                                                
                                                                                
                                                                                
                                                                                
                                                                                
                                                                                
                                                                                
                                                                                
                                                                                
                                                                                
                                                                                
                                                                                
                                                                                
                                                                                
                                                                                
                                                                                
                                                                                
                                                                                
                                                                                
                                                                                
                                                                                
                                                                                
                                                                                
