A
PHYWE
RADIO1-E
2
p2n100
                           

Interne Daten:
          100 	          100 	
     0.000000 	     0.000000 	
   200.000000 	   100.000000 	
     0.000000 	     0.000000 	
   200.000000 	   100.000000 	
            1 	            1 	
     0.010000 	     1.000000 	
     0.000000 	     0.000000 	
2

Protokoll:

     time     	      N      	
      s      	     Imp     	

     2.040000 	   111.000000 	
     4.180000 	   113.000000 	
     6.270000 	   106.000000 	
     8.300000 	    95.000000 	
    10.390000 	   110.000000 	
    12.420000 	   104.000000 	
    14.500000 	   121.000000 	
    16.540000 	   104.000000 	
    18.570000 	   116.000000 	
    20.660000 	    95.000000 	
    22.690000 	   111.000000 	
    24.780000 	   108.000000 	
    26.810000 	   113.000000 	
    28.840000 	   117.000000 	
    30.930000 	    98.000000 	
    32.960000 	   109.000000 	
    35.050000 	   119.000000 	
    37.080000 	   100.000000 	
    39.170000 	   116.000000 	
    41.200000 	   119.000000 	
    43.450000 	   110.000000 	
    45.540000 	    94.000000 	
    47.570000 	   123.000000 	
    49.600000 	   103.000000 	
    51.690000 	   107.000000 	
    53.720000 	   107.000000 	
    55.810000 	   112.000000 	
    57.840000 	    94.000000 	
    59.870000 	    97.000000 	
    61.960000 	    97.000000 	
    64.050000 	   110.000000 	
    66.080000 	    92.000000 	
    68.170000 	    97.000000 	
    70.200000 	   109.000000 	
    72.290000 	   104.000000 	
    74.320000 	   116.000000 	
    76.350000 	   134.000000 	
    78.440000 	   107.000000 	
    80.470000 	   100.000000 	
    82.560000 	   114.000000 	
    84.590000 	    98.000000 	
    86.620000 	   119.000000 	
    88.710000 	    99.000000 	
    90.740000 	   101.000000 	
    92.830000 	   102.000000 	
    94.860000 	   119.000000 	
    96.950000 	   104.000000 	
    98.980000 	   106.000000 	
   101.070000 	   113.000000 	
   103.100000 	   111.000000 	
   105.190000 	   112.000000 	
   107.220000 	   115.000000 	
   109.250000 	   108.000000 	
   111.340000 	   106.000000 	
   113.370000 	   118.000000 	
   115.460000 	   110.000000 	
   117.490000 	   107.000000 	
   119.520000 	    99.000000 	
   121.610000 	   120.000000 	
   123.700000 	   110.000000 	
   125.730000 	   107.000000 	
   127.760000 	    97.000000 	
   129.850000 	    89.000000 	
   131.880000 	    97.000000 	
   133.970000 	    91.000000 	
   136.000000 	   113.000000 	
   138.030000 	   101.000000 	
   140.120000 	   114.000000 	
   142.150000 	   108.000000 	
   144.180000 	   117.000000 	
   146.270000 	    90.000000 	
   148.300000 	   105.000000 	
   150.340000 	   120.000000 	
   152.420000 	   106.000000 	
   154.450000 	    94.000000 	
   156.540000 	    98.000000 	
   158.570000 	    97.000000 	
   160.660000 	    99.000000 	
   162.690000 	    95.000000 	
   164.780000 	   107.000000 	
   166.810000 	   110.000000 	
   168.850000 	    86.000000 	
   170.990000 	   108.000000 	
   173.020000 	   104.000000 	
   175.110000 	   125.000000 	
   177.140000 	    98.000000 	
   179.170000 	    97.000000 	
   181.260000 	   101.000000 	
   183.290000 	   107.000000 	
   185.380000 	    91.000000 	
   187.410000 	   126.000000 	
   189.500000 	    97.000000 	
   191.530000 	   112.000000 	
   193.560000 	    93.000000 	
   195.650000 	    96.000000 	
   197.740000 	   124.000000 	
   199.770000 	    91.000000 	
   201.800000 	   106.000000 	
   203.890000 	   100.000000 	
   205.920000 	   109.000000 	




measuring time [s]:: 2.0 ;
                                                                                
                                                                                
                                                                                
                                                                                
                                                                                
                                                                                
                                                                                
                                                                                
                                                                                
                                                                                
                                                                                
                                                                                
                                                                                
                                                                                
                                                                                
                                                                                
                                                                                
                                                                                
                                                                                
                                                                                
                                                                                
                                                                                
                                                                                
                                                                                
                                                                                
                                                                                
                                                                                
                                                                                
                                                                                
                                                                                
                                                                                
                                                                                
                                                                                
                                                                                
                                                                                
                                                                                
                                                                                
                                                                                
                                                                                
                                                                                
                                                                                
                                                                                
                                                                                
                                                                                
                                                                                
                                                                                
                                                                                
                                                                                
                                                                                
                                                                                
                                                                                
                                                                                
                                                                                
                                                                                
                                                                                
