A
PHYWE
RADIO1-E
2
p2n150
                           

Interne Daten:
          150 	          150 	
     0.000000 	     0.000000 	
   300.000000 	   100.000000 	
     0.000000 	     0.000000 	
   300.000000 	   100.000000 	
            1 	            1 	
     0.010000 	     1.000000 	
     0.000000 	     0.000000 	
2

Protokoll:

     time     	      N      	
      s      	     Imp     	

     2.090000 	   110.000000 	
     4.230000 	   114.000000 	
     6.260000 	    93.000000 	
     8.350000 	    94.000000 	
    10.380000 	   111.000000 	
    12.410000 	   121.000000 	
    14.500000 	   109.000000 	
    16.530000 	   102.000000 	
    18.560000 	   102.000000 	
    20.650000 	   116.000000 	
    22.680000 	   117.000000 	
    24.770000 	    91.000000 	
    26.800000 	   105.000000 	
    28.890000 	   100.000000 	
    30.920000 	   104.000000 	
    33.010000 	    92.000000 	
    35.040000 	   116.000000 	
    37.070000 	   108.000000 	
    39.160000 	   105.000000 	
    41.190000 	   105.000000 	
    43.230000 	    95.000000 	
    45.310000 	   102.000000 	
    47.350000 	   119.000000 	
    49.380000 	   100.000000 	
    51.460000 	   104.000000 	
    53.500000 	   100.000000 	
    55.580000 	    96.000000 	
    57.620000 	    96.000000 	
    59.700000 	   113.000000 	
    61.740000 	   101.000000 	
    63.820000 	   117.000000 	
    65.860000 	    89.000000 	
    67.890000 	   108.000000 	
    69.970000 	   105.000000 	
    72.010000 	   104.000000 	
    74.040000 	    93.000000 	
    76.130000 	   110.000000 	
    78.160000 	   141.000000 	
    80.250000 	    90.000000 	
    82.280000 	   124.000000 	
    84.360000 	    99.000000 	
    86.400000 	    91.000000 	
    88.480000 	    98.000000 	
    90.740000 	   100.000000 	
    92.820000 	   112.000000 	
    94.860000 	   121.000000 	
    96.890000 	    85.000000 	
    99.190000 	   110.000000 	
   101.230000 	    95.000000 	
   103.260000 	   104.000000 	
   105.570000 	   118.000000 	
   107.600000 	   104.000000 	
   109.630000 	   125.000000 	
   111.720000 	   136.000000 	
   113.750000 	   104.000000 	
   115.840000 	   107.000000 	
   117.870000 	    94.000000 	
   119.960000 	   105.000000 	
   121.990000 	   103.000000 	
   124.080000 	    91.000000 	
   126.110000 	    88.000000 	
   128.140000 	   106.000000 	
   130.230000 	   105.000000 	
   132.260000 	   105.000000 	
   134.350000 	    89.000000 	
   136.380000 	   123.000000 	
   138.410000 	    94.000000 	
   140.500000 	   106.000000 	
   142.530000 	   119.000000 	
   144.620000 	    94.000000 	
   146.870000 	   116.000000 	
   148.960000 	   106.000000 	
   150.990000 	   108.000000 	
   153.020000 	   104.000000 	
   155.160000 	    89.000000 	
   157.200000 	   104.000000 	
   159.280000 	   117.000000 	
   161.320000 	    93.000000 	
   163.350000 	   116.000000 	
   165.430000 	    91.000000 	
   167.470000 	   101.000000 	
   169.550000 	    85.000000 	
   171.590000 	   101.000000 	
   173.670000 	    88.000000 	
   175.760000 	   102.000000 	
   177.790000 	    89.000000 	
   179.880000 	   114.000000 	
   181.910000 	   108.000000 	
   184.000000 	   103.000000 	
   186.030000 	   109.000000 	
   188.120000 	   130.000000 	
   190.150000 	   107.000000 	
   192.240000 	   105.000000 	
   194.270000 	   102.000000 	
   196.300000 	    86.000000 	
   198.390000 	   117.000000 	
   200.420000 	   109.000000 	
   202.510000 	   115.000000 	
   204.540000 	   120.000000 	
   206.630000 	   127.000000 	
   208.660000 	   108.000000 	
   210.690000 	   100.000000 	
   212.780000 	   109.000000 	
   214.810000 	   100.000000 	
   216.900000 	   109.000000 	
   219.150000 	    98.000000 	
   221.180000 	   106.000000 	
   223.270000 	   109.000000 	
   225.300000 	   104.000000 	
   227.560000 	    93.000000 	
   229.640000 	   103.000000 	
   231.890000 	   106.000000 	
   233.980000 	   119.000000 	
   236.010000 	    99.000000 	
   238.100000 	   116.000000 	
   240.130000 	    97.000000 	
   242.220000 	   111.000000 	
   244.250000 	   120.000000 	
   246.340000 	    88.000000 	
   248.370000 	   118.000000 	
   250.400000 	   131.000000 	
   252.490000 	    98.000000 	
   254.520000 	   105.000000 	
   256.610000 	   110.000000 	
   258.640000 	   108.000000 	
   260.730000 	   112.000000 	
   262.760000 	   103.000000 	
   264.850000 	    98.000000 	
   266.880000 	    99.000000 	
   268.970000 	   108.000000 	
   271.000000 	    99.000000 	
   273.090000 	    99.000000 	
   275.120000 	   102.000000 	
   277.210000 	    99.000000 	
   279.240000 	   110.000000 	
   281.270000 	    86.000000 	
   283.360000 	    87.000000 	
   285.390000 	   102.000000 	
   287.480000 	    95.000000 	
   289.510000 	   112.000000 	
   291.600000 	   109.000000 	
   293.630000 	   118.000000 	
   295.720000 	    99.000000 	
   297.750000 	   103.000000 	
   299.840000 	   107.000000 	
   301.870000 	    90.000000 	
   303.960000 	    97.000000 	
   305.990000 	   119.000000 	
   308.080000 	   106.000000 	
   310.110000 	   100.000000 	




measuring time [s]:: 2.0 ;
                                                                                
                                                                                
                                                                                
                                                                                
                                                                                
                                                                                
                                                                                
                                                                                
                                                                                
                                                                                
                                                                                
                                                                                
                                                                                
                                                                                
                                                                                
                                                                                
                                                                                
                                                                                
                                                                                
                                                                                
                                                                                
                                                                                
                                                                                
                                                                                
                                                                                
                                                                                
                                                                                
                                                                                
                                                                                
                                                                                
                                                                                
                                                                                
                                                                                
                                                                                
                                                                                
                                                                                
                                                                                
                                                                                
                                                                                
                                                                                
                                                                                
                                                                                
                                                                                
                                                                                
                                                                                
                                                                                
                                                                                
                                                                                
                                                                                
                                                                                
                                                                                
                                                                                
                                                                                
                                                                                
                                                                                
