A
PHYWE
RADIO1-E
2
p4
                           

Interne Daten:
          126 	          126 	
     0.000000 	     0.000000 	
   900.000000 	   100.000000 	
     0.000000 	     0.000000 	
   900.000000 	   100.000000 	
            1 	            1 	
     0.010000 	     1.000000 	
     0.000000 	     0.000000 	
2

Protokoll:

     time     	      N      	
      s      	     Imp     	

     2.970000 	     2.000000 	
     6.150000 	     2.000000 	
     9.340000 	     0.000000 	
    12.470000 	     1.000000 	
    15.660000 	     1.000000 	
    18.840000 	     0.000000 	
    21.970000 	     2.000000 	
    25.160000 	     2.000000 	
    28.340000 	     2.000000 	
    31.470000 	     2.000000 	
    34.660000 	     0.000000 	
    37.850000 	     1.000000 	
    40.980000 	     1.000000 	
    44.160000 	     1.000000 	
    47.350000 	     1.000000 	
    50.480000 	     2.000000 	
    53.660000 	     4.000000 	
    56.850000 	     8.000000 	
    59.980000 	     1.000000 	
    63.170000 	     3.000000 	
    66.300000 	    10.000000 	
    69.480000 	     4.000000 	
    72.670000 	     1.000000 	
    75.850000 	     1.000000 	
    78.990000 	     3.000000 	
    82.170000 	     5.000000 	
    85.300000 	     2.000000 	
    88.490000 	     3.000000 	
    91.620000 	     5.000000 	
    94.800000 	     6.000000 	
    97.990000 	     1.000000 	
   101.180000 	     3.000000 	
   104.310000 	     4.000000 	
   107.490000 	     3.000000 	
   110.680000 	     5.000000 	
   113.810000 	     4.000000 	
   116.990000 	     2.000000 	
   120.120000 	     5.000000 	
   123.310000 	     6.000000 	
   126.500000 	     6.000000 	
   129.680000 	     4.000000 	
   132.810000 	     2.000000 	
   136.000000 	     1.000000 	
   139.130000 	     4.000000 	
   142.310000 	     6.000000 	
   145.500000 	     3.000000 	
   148.630000 	     2.000000 	
   151.870000 	     6.000000 	
   155.000000 	     2.000000 	
   158.190000 	     2.000000 	
   161.370000 	     6.000000 	
   164.560000 	     4.000000 	
   167.690000 	     0.000000 	
   170.880000 	     0.000000 	
   174.010000 	     1.000000 	
   177.190000 	     6.000000 	
   180.320000 	    12.000000 	
   183.510000 	    15.000000 	
   186.640000 	    22.000000 	
   189.880000 	    13.000000 	
   193.010000 	    17.000000 	
   196.200000 	    21.000000 	
   199.380000 	    18.000000 	
   202.510000 	    15.000000 	
   205.700000 	    16.000000 	
   208.830000 	    16.000000 	
   212.010000 	    12.000000 	
   215.150000 	    12.000000 	
   218.390000 	    18.000000 	
   221.520000 	    16.000000 	
   224.700000 	     8.000000 	
   227.830000 	    13.000000 	
   231.020000 	    17.000000 	
   234.200000 	    11.000000 	
   237.340000 	    15.000000 	
   240.520000 	    13.000000 	
   243.710000 	    10.000000 	
   246.840000 	     8.000000 	
   250.020000 	     8.000000 	
   253.210000 	    11.000000 	
   256.340000 	     9.000000 	
   259.530000 	    15.000000 	
   262.660000 	    19.000000 	
   265.840000 	    12.000000 	
   269.030000 	    12.000000 	
   272.160000 	    11.000000 	
   275.340000 	    11.000000 	
   278.530000 	    16.000000 	
   281.720000 	     6.000000 	
   284.850000 	    17.000000 	
   288.030000 	    10.000000 	
   291.160000 	     9.000000 	
   294.350000 	    12.000000 	
   297.530000 	    14.000000 	
   300.660000 	    11.000000 	
   303.800000 	     8.000000 	
   307.040000 	     9.000000 	
   310.170000 	     6.000000 	
   313.350000 	     8.000000 	
   316.540000 	    11.000000 	
   319.670000 	    11.000000 	
   322.850000 	    12.000000 	
   326.040000 	    11.000000 	
   329.170000 	    10.000000 	
   332.360000 	    16.000000 	
   335.540000 	     5.000000 	
   338.730000 	     7.000000 	
   341.860000 	     4.000000 	
   345.040000 	     9.000000 	
   348.180000 	     9.000000 	
   351.360000 	    10.000000 	
   354.550000 	     6.000000 	
   357.680000 	    10.000000 	
   360.860000 	     5.000000 	
   363.990000 	     5.000000 	
   367.180000 	     8.000000 	
   370.370000 	     3.000000 	
   373.550000 	     7.000000 	
   376.740000 	     6.000000 	
   379.870000 	     8.000000 	
   383.050000 	     5.000000 	
   386.180000 	     2.000000 	
   389.370000 	     8.000000 	
   392.550000 	     6.000000 	
   395.690000 	     4.000000 	
   398.870000 	     6.000000 	




measuring time [s]:: 3.0 ;
                                                                                
                                                                                
                                                                                
                                                                                
                                                                                
                                                                                
                                                                                
                                                                                
                                                                                
                                                                                
                                                                                
                                                                                
                                                                                
                                                                                
                                                                                
                                                                                
                                                                                
                                                                                
                                                                                
                                                                                
                                                                                
                                                                                
                                                                                
                                                                                
                                                                                
                                                                                
                                                                                
                                                                                
                                                                                
                                                                                
                                                                                
                                                                                
                                                                                
                                                                                
                                                                                
                                                                                
                                                                                
                                                                                
                                                                                
                                                                                
                                                                                
                                                                                
                                                                                
                                                                                
                                                                                
                                                                                
                                                                                
                                                                                
                                                                                
                                                                                
                                                                                
                                                                                
                                                                                
                                                                                
                                                                                
