A
PHYWE
RADIO1-E
2
p42
                           

Interne Daten:
          220 	          220 	
     0.000000 	     0.000000 	
   900.000000 	   100.000000 	
     0.000000 	     0.000000 	
   900.000000 	   100.000000 	
            1 	            1 	
     0.010000 	     1.000000 	
     0.000000 	     0.000000 	
2

Protokoll:

     time     	      N      	
      s      	     Imp     	

     3.070000 	     5.000000 	
     6.260000 	     8.000000 	
    28.340000 	     4.000000 	
    31.410000 	     4.000000 	
    34.550000 	     3.000000 	
    37.730000 	     3.000000 	
    40.920000 	     7.000000 	
    44.050000 	     6.000000 	
    47.230000 	     7.000000 	
    50.420000 	     3.000000 	
    53.550000 	     4.000000 	
    56.730000 	     9.000000 	
    59.920000 	     2.000000 	
    63.050000 	     4.000000 	
    66.240000 	     4.000000 	
    69.420000 	     5.000000 	
    72.550000 	     4.000000 	
    75.740000 	     5.000000 	
    78.870000 	     2.000000 	
    82.060000 	     0.000000 	
    85.240000 	     0.000000 	
    88.430000 	     0.000000 	
    91.610000 	     8.000000 	
    94.740000 	    19.000000 	
    97.930000 	    28.000000 	
   101.110000 	    29.000000 	
   104.250000 	    32.000000 	
   107.430000 	    29.000000 	
   110.560000 	    24.000000 	
   113.750000 	    21.000000 	
   116.930000 	    37.000000 	
   120.120000 	    27.000000 	
   123.250000 	    40.000000 	
   126.440000 	    42.000000 	
   129.570000 	    34.000000 	
   132.750000 	    41.000000 	
   135.940000 	    43.000000 	
   139.070000 	    31.000000 	
   142.310000 	    39.000000 	
   145.440000 	    28.000000 	
   148.630000 	    41.000000 	
   151.810000 	    37.000000 	
   155.000000 	    31.000000 	
   158.130000 	    27.000000 	
   161.310000 	    32.000000 	
   164.500000 	    41.000000 	
   167.630000 	    27.000000 	
   170.820000 	    34.000000 	
   173.950000 	    29.000000 	
   177.190000 	    24.000000 	
   180.320000 	    33.000000 	
   183.500000 	    31.000000 	
   186.630000 	    24.000000 	
   189.820000 	    38.000000 	
   192.950000 	    27.000000 	
   196.140000 	    34.000000 	
   199.320000 	    37.000000 	
   202.450000 	    33.000000 	
   205.640000 	    24.000000 	
   208.820000 	    37.000000 	
   212.010000 	    28.000000 	
   215.140000 	    31.000000 	
   218.330000 	    27.000000 	
   221.510000 	    30.000000 	
   224.640000 	    30.000000 	
   227.830000 	    38.000000 	
   230.960000 	    22.000000 	
   234.140000 	    30.000000 	
   237.330000 	    29.000000 	
   240.460000 	    30.000000 	
   243.650000 	    29.000000 	
   246.890000 	    22.000000 	
   250.020000 	    24.000000 	
   253.200000 	    20.000000 	
   256.330000 	    18.000000 	
   259.520000 	    21.000000 	
   262.710000 	    27.000000 	
   265.840000 	    20.000000 	
   269.020000 	    23.000000 	
   272.210000 	    18.000000 	
   275.390000 	    23.000000 	
   278.580000 	    23.000000 	
   281.760000 	    15.000000 	
   284.900000 	    20.000000 	
   288.030000 	    20.000000 	
   291.210000 	    18.000000 	
   294.340000 	    12.000000 	
   297.580000 	    25.000000 	
   300.710000 	    25.000000 	
   303.900000 	    17.000000 	
   307.030000 	    14.000000 	
   310.220000 	    16.000000 	
   313.400000 	    16.000000 	
   316.530000 	    14.000000 	
   319.720000 	    17.000000 	
   322.900000 	    13.000000 	
   326.030000 	    16.000000 	
   329.220000 	    17.000000 	
   332.350000 	    10.000000 	
   335.540000 	    18.000000 	
   338.720000 	    16.000000 	
   341.850000 	    18.000000 	
   345.040000 	    17.000000 	
   348.220000 	    10.000000 	
   351.360000 	     8.000000 	
   354.540000 	    16.000000 	
   357.730000 	    15.000000 	
   360.910000 	     9.000000 	
   364.040000 	    15.000000 	
   367.230000 	    16.000000 	
   370.410000 	     5.000000 	
   373.600000 	    11.000000 	
   376.730000 	    11.000000 	
   379.920000 	     8.000000 	
   383.050000 	    13.000000 	
   386.230000 	    14.000000 	
   389.420000 	    12.000000 	
   392.600000 	     8.000000 	
   395.790000 	    17.000000 	
   398.920000 	    13.000000 	
   402.110000 	    10.000000 	
   405.240000 	    20.000000 	
   408.420000 	     9.000000 	
   411.610000 	     8.000000 	
   414.740000 	     9.000000 	
   417.980000 	    20.000000 	
   421.110000 	    10.000000 	
   424.300000 	     6.000000 	
   427.430000 	    11.000000 	
   430.610000 	     6.000000 	
   433.800000 	     7.000000 	
   436.930000 	    12.000000 	
   440.110000 	     9.000000 	
   443.250000 	     7.000000 	
   446.430000 	    11.000000 	
   449.620000 	    11.000000 	
   452.800000 	     9.000000 	
   455.930000 	     9.000000 	
   459.120000 	     9.000000 	
   462.300000 	     5.000000 	
   465.440000 	     8.000000 	
   468.620000 	     7.000000 	
   471.750000 	     7.000000 	
   474.940000 	     9.000000 	
   478.120000 	     8.000000 	
   481.250000 	     3.000000 	
   484.440000 	     8.000000 	
   487.570000 	     3.000000 	
   490.810000 	     5.000000 	
   494.000000 	     9.000000 	
   497.130000 	     8.000000 	
   500.310000 	     7.000000 	
   503.440000 	     3.000000 	
   506.630000 	     5.000000 	
   509.820000 	    12.000000 	
   513.000000 	     8.000000 	
   516.190000 	     5.000000 	
   519.320000 	     5.000000 	
   522.500000 	     5.000000 	
   525.690000 	     7.000000 	
   528.820000 	    11.000000 	
   532.010000 	     8.000000 	
   535.190000 	     5.000000 	
   538.380000 	     5.000000 	
   541.510000 	     6.000000 	
   544.690000 	     6.000000 	
   547.820000 	     6.000000 	
   551.010000 	     5.000000 	
   554.200000 	     8.000000 	
   557.380000 	     3.000000 	
   560.510000 	     5.000000 	
   563.700000 	     5.000000 	
   566.880000 	     3.000000 	
   570.070000 	     3.000000 	
   573.250000 	     6.000000 	
   576.390000 	     3.000000 	
   579.570000 	     3.000000 	
   582.760000 	     7.000000 	
   585.890000 	     4.000000 	
   589.070000 	     4.000000 	
   592.260000 	     6.000000 	
   595.390000 	     7.000000 	
   598.570000 	     5.000000 	
   601.760000 	     2.000000 	
   604.950000 	     7.000000 	
   608.080000 	     7.000000 	
   611.260000 	     9.000000 	
   614.390000 	     5.000000 	
   617.580000 	     8.000000 	
   620.760000 	     4.000000 	
   623.900000 	     5.000000 	
   627.080000 	     5.000000 	
   630.270000 	     5.000000 	
   633.450000 	     6.000000 	
   636.640000 	     9.000000 	
   639.770000 	     6.000000 	
   642.950000 	     5.000000 	
   646.090000 	     1.000000 	
   649.270000 	     4.000000 	
   652.460000 	     2.000000 	
   655.590000 	     3.000000 	
   658.770000 	     4.000000 	
   661.960000 	     6.000000 	
   665.140000 	     5.000000 	
   668.280000 	     5.000000 	
   671.460000 	     8.000000 	
   674.590000 	     1.000000 	
   677.780000 	     4.000000 	
   680.910000 	     7.000000 	
   684.090000 	     5.000000 	
   687.280000 	     3.000000 	
   690.470000 	     6.000000 	
   693.650000 	     3.000000 	
   696.780000 	     5.000000 	
   699.970000 	     4.000000 	
   703.150000 	     4.000000 	
   706.280000 	     1.000000 	
   709.470000 	     6.000000 	
   712.660000 	     4.000000 	
   715.790000 	     6.000000 	




measuring time [s]:: 3.0 ;
                                                                                
                                                                                
                                                                                
                                                                                
                                                                                
                                                                                
                                                                                
                                                                                
                                                                                
                                                                                
                                                                                
                                                                                
                                                                                
                                                                                
                                                                                
                                                                                
                                                                                
                                                                                
                                                                                
                                                                                
                                                                                
                                                                                
                                                                                
                                                                                
                                                                                
                                                                                
                                                                                
                                                                                
                                                                                
                                                                                
                                                                                
                                                                                
                                                                                
                                                                                
                                                                                
                                                                                
                                                                                
                                                                                
                                                                                
                                                                                
                                                                                
                                                                                
                                                                                
                                                                                
                                                                                
                                                                                
                                                                                
                                                                                
                                                                                
                                                                                
                                                                                
                                                                                
                                                                                
                                                                                
                                                                                
